0.01 0.0886674
0.02 0.0584442
0.03 0.0371475
0.04 0.0283708
0.05 0.0233071
0.06 0.0192339
0.07 0.0160832
0.08 0.0136467
0.09 0.012067
0.1 0.0108872
0.11 0.00985615
0.12 0.00895916
0.13 0.0081786
0.14 0.00749751
0.15 0.00690087
0.16 0.00637589
0.17 0.00595895
0.18 0.00561591
0.19 0.00530078
0.2 0.00501122
0.21 0.00474494
0.22 0.00449979
0.23 0.00427376
0.24 0.00406502
0.25 0.00387194
0.26 0.00369303
0.27 0.00352697
0.28 0.00337257
0.29 0.00324319
0.3 0.00312564
0.31 0.00301445
0.32 0.00290922
0.33 0.00280956
0.34 0.00271511
0.35 0.00262554
0.36 0.00254054
0.37 0.00245981
0.38 0.00238308
0.39 0.00231009
0.4 0.00224062
0.41 0.00217443
0.42 0.00211134
0.43 0.00205114
0.44 0.00199366
0.45 0.00194271
0.46 0.00189529
0.47 0.00184965
0.48 0.0018057
0.49 0.00176336
0.5 0.00172258
0.51 0.00168326
0.52 0.00164534
0.53 0.00160876
0.54 0.00157347
0.55 0.00153939
0.56 0.00150648
0.57 0.00147468
0.58 0.00144395
0.59 0.00141424
0.6 0.0013855
0.61 0.00135769
0.62 0.00133077
0.63 0.0013047
0.64 0.00127946
0.65 0.00125499
0.66 0.00123299
0.67 0.00121176
0.68 0.0011911
0.69 0.001171
0.7 0.00115143
0.71 0.00113237
0.72 0.00111381
0.73 0.00109573
0.74 0.00107812
0.75 0.00106096
0.76 0.00104423
0.77 0.00102792
0.78 0.00101201
0.79 0.000996501
0.8 0.000981369
0.81 0.000966604
0.82 0.000952195
0.83 0.00093813
0.84 0.000924399
0.85 0.00091099
0.86 0.000897894
0.87 0.0008851
0.88 0.000872601
0.89 0.000860385
0.9 0.000848446
0.91 0.000836774
0.92 0.000825962
0.93 0.000815502
0.94 0.000805253
0.95 0.000795207
0.96 0.000785361
0.97 0.000775708
0.98 0.000766245
0.99 0.000756965
1 0.000747865
1.01 0.00073894
1.02 0.000730185
1.03 0.000721596
1.04 0.000713168
1.05 0.000704899
1.06 0.000696784
1.07 0.000688818
1.08 0.000680999
1.09 0.000673323
1.1 0.000665786
1.11 0.000658385
1.12 0.000651116
1.13 0.000643977
1.14 0.000636965
1.15 0.000630075
1.16 0.000623306
1.17 0.000616655
1.18 0.000610119
1.19 0.000603694
1.2 0.000597379
1.21 0.000591172
1.22 0.000585069
1.23 0.000579068
1.24 0.000573457
1.25 0.000567956
1.26 0.000562539
1.27 0.000557205
1.28 0.000551952
1.29 0.000546779
1.3 0.000541683
1.31 0.000536664
1.32 0.000531719
1.33 0.000526847
1.34 0.000522047
1.35 0.000517318
1.36 0.000512658
1.37 0.000508065
1.38 0.000503538
1.39 0.000499077
1.4 0.00049468
1.41 0.000490344
1.42 0.000486071
1.43 0.000481857
1.44 0.000477703
1.45 0.000473607
1.46 0.000469567
1.47 0.000465583
1.48 0.000461654
1.49 0.000457779
1.5 0.000453957
1.51 0.000450186
1.52 0.000446466
1.53 0.000442796
1.54 0.000439175
1.55 0.000435602
1.56 0.000432076
1.57 0.000428597
1.58 0.000425163
1.59 0.000421774
1.6 0.000418429
1.61 0.000415128
1.62 0.000411972
1.63 0.000408896
1.64 0.000405857
1.65 0.000402855
1.66 0.000399889
1.67 0.000396957
1.68 0.000394061
1.69 0.000391198
1.7 0.000388369
1.71 0.000385574
1.72 0.00038281
1.73 0.000380079
1.74 0.000377379
1.75 0.00037471
1.76 0.000372072
1.77 0.000369464
1.78 0.000366885
1.79 0.000364336
1.8 0.000361815
1.81 0.000359323
1.82 0.000356858
1.83 0.000354421
1.84 0.000352011
1.85 0.000349628
1.86 0.00034727
1.87 0.000344939
1.88 0.000342633
1.89 0.000340352
1.9 0.000338096
1.91 0.000335864
1.92 0.000333656
1.93 0.000331471
1.94 0.00032931
1.95 0.000327172
1.96 0.000325057
1.97 0.000322964
1.98 0.000320892
1.99 0.000318843
