0.004 0.239593
0.008 0.0948719
0.012 0.0406212
0.016 0.0329604
0.02 0.0240111
0.024 0.0173587
0.028 0.0158261
0.032 0.0128049
0.036 0.011418
0.04 0.00999169
0.044 0.00895224
0.048 0.00819571
0.052 0.00745319
0.056 0.00684914
0.06 0.00629391
0.064 0.00581858
0.068 0.00539013
0.072 0.00505504
0.076 0.00476602
0.08 0.00449917
0.084 0.00425465
0.088 0.00402921
0.092 0.00382175
0.096 0.00363017
0.1 0.00345319
0.104 0.00328931
0.108 0.00313737
0.112 0.00300869
0.116 0.00289259
0.12 0.00278301
0.124 0.00267953
0.128 0.00258176
0.132 0.00248932
0.136 0.00240187
0.14 0.00231908
0.144 0.00224063
0.148 0.00216625
0.152 0.00209567
0.156 0.00202864
0.16 0.00196494
0.164 0.00191026
0.168 0.00185799
0.172 0.00180784
0.176 0.00175972
0.18 0.00171352
0.184 0.00166916
0.188 0.00162654
0.192 0.00158558
0.196 0.00154621
0.2 0.00150833
0.204 0.00147188
0.208 0.0014368
0.212 0.00140302
0.216 0.00137047
0.22 0.0013391
0.224 0.00130955
0.228 0.00128275
0.232 0.00125677
0.236 0.00123158
0.24 0.00120716
0.244 0.00118347
0.248 0.0011605
0.252 0.00113821
0.256 0.00111657
0.26 0.00109557
0.264 0.00107518
0.268 0.00105538
0.272 0.00103614
0.276 0.00101745
0.28 0.000999287
0.284 0.000981628
0.288 0.000964457
0.292 0.000947758
0.296 0.000931512
0.3 0.000916154
0.304 0.000901813
0.308 0.000887814
0.312 0.000874147
0.316 0.000860802
0.32 0.000847771
0.324 0.000835042
0.328 0.000822609
0.332 0.000810462
0.336 0.000798593
0.34 0.000786994
0.344 0.000775657
0.348 0.000764574
0.352 0.000753738
0.356 0.000743142
0.36 0.00073278
0.364 0.000722644
0.368 0.000712728
0.372 0.000703026
0.376 0.000693532
0.38 0.00068424
0.384 0.000675144
0.388 0.00066632
0.392 0.000658109
0.396 0.000650053
0.4 0.00064215
0.404 0.000634394
0.408 0.000626784
0.412 0.000619315
0.416 0.000611984
0.42 0.000604789
0.424 0.000597725
0.428 0.000590789
0.432 0.000583979
0.436 0.000577292
0.44 0.000570725
0.444 0.000564275
0.448 0.00055794
0.452 0.000551716
0.456 0.000545601
0.46 0.000539593
0.464 0.000533689
0.468 0.000527888
0.472 0.000522185
0.476 0.000516581
0.48 0.000511071
0.484 0.000505654
0.488 0.000500329
0.492 0.000495172
0.496 0.000490279
0.5 0.000485461
0.504 0.000480717
0.508 0.000476045
0.512 0.000471444
0.516 0.000466912
0.52 0.000462448
0.524 0.000458051
0.528 0.000453719
0.532 0.000449452
0.536 0.000445247
0.54 0.000441104
0.544 0.000437022
0.548 0.000432999
0.552 0.000429035
0.556 0.000425128
0.56 0.000421276
0.564 0.00041748
0.568 0.000413738
0.572 0.00041005
0.576 0.000406413
0.58 0.000402827
0.584 0.000399291
0.588 0.000395805
0.592 0.000392367
0.596 0.000388976
0.6 0.000385632
0.604 0.000382333
0.608 0.00037908
0.612 0.000375961
0.616 0.000372931
0.62 0.00036994
0.624 0.000366986
0.628 0.000364068
0.632 0.000361188
0.636 0.000358343
0.64 0.000355533
0.644 0.000352758
0.648 0.000350016
0.652 0.000347309
0.656 0.000344634
0.66 0.000341992
0.664 0.000339382
0.668 0.000336803
0.672 0.000334256
0.676 0.000331738
0.68 0.000329251
0.684 0.000326793
0.688 0.000324365
0.692 0.000321965
0.696 0.000319593
0.7 0.000317249
0.704 0.000314932
0.708 0.000312642
0.712 0.000310379
0.716 0.000308141
0.72 0.000305929
0.724 0.000303743
0.728 0.000301582
0.732 0.000299445
0.736 0.000297332
0.74 0.000295243
0.744 0.000293177
0.748 0.000291212
0.752 0.000289268
0.756 0.000287345
0.76 0.000285441
0.764 0.000283558
0.768 0.000281694
0.772 0.000279849
0.776 0.000278024
0.78 0.000276217
0.784 0.000274429
0.788 0.000272659
0.792 0.000270907
0.796 0.000269174
0.8 0.000267457
0.804 0.000265758
0.808 0.000264076
0.812 0.000262411
0.816 0.000260763
0.82 0.000259131
0.824 0.000257515
0.828 0.000255915
0.832 0.000254331
0.836 0.000252763
0.84 0.00025121
0.844 0.000249673
0.848 0.00024815
0.852 0.000246642
0.856 0.000245149
0.86 0.00024367
0.864 0.000242205
0.868 0.000240755
0.872 0.000239318
0.876 0.000237895
0.88 0.000236485
0.884 0.000235089
0.888 0.000233706
0.892 0.000232337
0.896 0.000230986
0.9 0.000229687
0.904 0.000228399
0.908 0.000227123
0.912 0.000225858
0.916 0.000224605
0.92 0.000223362
0.924 0.00022213
0.928 0.000220909
0.932 0.000219699
0.936 0.000218499
0.94 0.000217309
0.944 0.00021613
0.948 0.000214961
0.952 0.000213802
0.956 0.000212653
0.96 0.000211514
0.964 0.000210384
0.968 0.000209264
0.972 0.000208154
0.976 0.000207053
0.98 0.000205961
0.984 0.000204878
0.988 0.000203805
0.992 0.00020274
0.996 0.000201684
1 0.000200637
1.004 0.000199599
1.008 0.00019857
1.012 0.000197548
1.016 0.000196536
1.02 0.000195531
1.024 0.000194535
1.028 0.000193547
1.032 0.000192567
1.036 0.000191595
1.04 0.00019063
1.044 0.000189674
1.048 0.000188725
1.052 0.000187784
1.056 0.00018685
1.06 0.000185924
1.064 0.000185005
1.068 0.000184118
1.072 0.000183241
1.076 0.00018237
1.08 0.000181506
1.084 0.000180648
1.088 0.000179797
1.092 0.000178952
1.096 0.000178113
1.1 0.000177281
1.104 0.000176455
1.108 0.000175635
1.112 0.000174821
1.116 0.000174013
1.12 0.00017321
1.124 0.000172414
1.128 0.000171624
1.132 0.000170839
1.136 0.000170061
1.14 0.000169288
1.144 0.00016852
1.148 0.000167758
1.152 0.000167002
1.156 0.000166251
1.16 0.000165505
1.164 0.000164765
1.168 0.00016403
1.172 0.0001633
1.176 0.000162575
1.18 0.000161856
1.184 0.000161142
1.188 0.000160433
1.192 0.000159728
1.196 0.000159029
1.2 0.000158335
1.204 0.000157645
1.208 0.00015696
1.212 0.000156281
1.216 0.000155605
1.22 0.000154935
1.224 0.000154269
1.228 0.000153608
1.232 0.000152951
1.236 0.000152299
1.24 0.000151651
1.244 0.000151008
1.248 0.000150369
1.252 0.000149736
1.256 0.000149122
1.26 0.000148513
1.264 0.000147908
1.268 0.000147306
1.272 0.000146709
1.276 0.000146115
1.28 0.000145525
1.284 0.000144939
1.288 0.000144357
1.292 0.000143778
1.296 0.000143203
1.3 0.000142632
1.304 0.000142065
1.308 0.000141501
1.312 0.00014094
1.316 0.000140383
1.32 0.00013983
1.324 0.00013928
1.328 0.000138734
1.332 0.000138191
1.336 0.000137652
1.34 0.000137115
1.344 0.000136583
1.348 0.000136053
1.352 0.000135527
1.356 0.000135004
1.36 0.000134484
1.364 0.000133968
1.368 0.000133455
1.372 0.000132944
1.376 0.000132437
1.38 0.000131933
1.384 0.000131433
1.388 0.000130935
1.392 0.00013044
1.396 0.000129948
1.4 0.00012946
1.404 0.000128974
1.408 0.000128491
1.412 0.000128011
1.416 0.000127534
1.42 0.00012706
1.424 0.000126588
1.428 0.00012612
1.432 0.000125654
1.436 0.000125191
1.44 0.00012473
1.444 0.000124273
1.448 0.000123818
1.452 0.000123366
1.456 0.000122916
1.46 0.000122475
1.464 0.000122041
1.468 0.00012161
1.472 0.000121182
1.476 0.000120755
1.48 0.000120332
1.484 0.00011991
1.488 0.000119491
1.492 0.000119074
1.496 0.00011866
1.5 0.000118248
1.504 0.000117838
1.508 0.00011743
1.512 0.000117025
1.516 0.000116622
1.52 0.000116221
1.524 0.000115822
1.528 0.000115426
1.532 0.000115032
1.536 0.00011464
1.54 0.00011425
1.544 0.000113862
1.548 0.000113476
1.552 0.000113092
1.556 0.000112711
1.56 0.000112331
1.564 0.000111954
1.568 0.000111579
1.572 0.000111205
1.576 0.000110834
1.58 0.000110465
1.584 0.000110097
1.588 0.000109732
1.592 0.000109368
1.596 0.000109007
1.6 0.000108647
1.604 0.000108289
1.608 0.000107934
1.612 0.00010758
1.616 0.000107228
1.62 0.000106878
1.624 0.000106529
1.628 0.000106183
1.632 0.000105838
1.636 0.000105495
1.64 0.000105154
1.644 0.000104815
1.648 0.000104477
1.652 0.000104141
1.656 0.000103807
1.66 0.000103475
1.664 0.000103144
1.668 0.000102815
1.672 0.000102488
1.676 0.000102162
1.68 0.000101839
1.684 0.000101516
1.688 0.000101203
1.692 0.00010089
1.696 0.00010058
1.7 0.000100271
1.704 9.99637e-005
1.708 9.96577e-005
1.712 9.93533e-005
1.716 9.90504e-005
1.72 9.8749e-005
1.724 9.8449e-005
1.728 9.81505e-005
1.732 9.78535e-005
1.736 9.75578e-005
1.74 9.72637e-005
1.744 9.69709e-005
1.748 9.66796e-005
1.752 9.63897e-005
1.756 9.61011e-005
1.76 9.5814e-005
1.764 9.55282e-005
1.768 9.52438e-005
1.772 9.49608e-005
1.776 9.46791e-005
1.78 9.43988e-005
1.784 9.41198e-005
1.788 9.38421e-005
1.792 9.35657e-005
1.796 9.32907e-005
1.8 9.3017e-005
1.804 9.27445e-005
1.808 9.24733e-005
1.812 9.22034e-005
1.816 9.19348e-005
1.82 9.16675e-005
1.824 9.14014e-005
1.828 9.11365e-005
1.832 9.08729e-005
1.836 9.06105e-005
1.84 9.03493e-005
1.844 9.00893e-005
1.848 8.98306e-005
1.852 8.9573e-005
1.856 8.93167e-005
1.86 8.90615e-005
1.864 8.88075e-005
1.868 8.85546e-005
1.872 8.8303e-005
1.876 8.80524e-005
1.88 8.78031e-005
1.884 8.75548e-005
1.888 8.73077e-005
1.892 8.70618e-005
1.896 8.68169e-005
1.9 8.65732e-005
1.904 8.63305e-005
1.908 8.6089e-005
1.912 8.58486e-005
1.916 8.56092e-005
1.92 8.53709e-005
1.924 8.51337e-005
1.928 8.48976e-005
1.932 8.46639e-005
1.936 8.44345e-005
1.94 8.42062e-005
1.944 8.39788e-005
1.948 8.37524e-005
1.952 8.35269e-005
1.956 8.33025e-005
1.96 8.3079e-005
1.964 8.28565e-005
1.968 8.26349e-005
1.972 8.24143e-005
1.976 8.21947e-005
1.98 8.19759e-005
1.984 8.17582e-005
1.988 8.15413e-005
1.992 8.13254e-005
1.996 8.11104e-005
