-0.30103 -2.01548 -2.6612
-0.309804 -2.01111 -2.65537
-0.318759 -2.0067 -2.67846
-0.327902 -2.07359 -2.70041
-0.337242 -2.06909 -2.72117
-0.346787 -2.06455 -2.74088
-0.356547 -2.12532 -2.75955
-0.366532 -2.12068 -2.80053
-0.376751 -2.17603 -2.81658
-0.387216 -2.17128 -2.83163
-0.39794 -2.22185 -2.86288
-0.408935 -2.26828 -2.87405
-0.420216 -2.26338 -2.9022
-0.431798 -2.29766 -2.92853
-0.443697 -2.3292 -2.95316
-0.455932 -2.35891 -2.97621
-0.468521 -2.38687 -3.01212
-0.481486 -2.41319 -3.02971
-0.49485 -2.43798 -3.0582
-0.508638 -2.46133 -3.0961
-0.522879 -2.511 -3.12013
-0.537602 -2.53067 -3.1527
-0.552842 -2.57114 -3.18082
-0.568636 -2.60455 -3.21462
-0.585027 -2.63554 -3.24556
-0.60206 -2.68225 -3.289
-0.619789 -2.70806 -3.31879
-0.638272 -2.74793 -3.35846
-0.657577 -2.79576 -3.4
-0.677781 -2.83601 -3.4399
-0.69897 -2.88393 -3.48516
-0.721246 -2.92698 -3.52779
-0.744727 -2.97234 -3.57648
-0.769551 -3.02715 -3.62739
-0.79588 -3.08288 -3.67977
-0.823909 -3.13431 -3.73683
-0.853872 -3.20104 -3.79731
-0.886057 -3.26432 -3.86058
-0.920819 -3.33339 -3.93171
-0.958607 -3.41214 -4.0075
-1 -3.49642 -4.09092
-1.04576 -3.58675 -4.1824
-1.09691 -3.69028 -4.28509
-1.1549 -3.80747 -4.40115
-1.22185 -3.9415 -4.53508
-1.30103 -4.10075 -4.69399
-1.39794 -4.29484 -4.88789
