-9.48528 0 0 0 
-9.38528 6.44131e-007 3.34675e-007 1.16125e-012 
-9.28528 8.59863e-007 6.94252e-007 1.486e-012 
-9.18528 1.14415e-006 1.10515e-006 5.48206e-012 
-9.08528 1.51754e-006 1.59691e-006 5.56939e-012 
-8.98528 2.00632e-006 2.20389e-006 1.88134e-011 
-8.88528 2.64399e-006 2.96728e-006 1.8836e-011 
-8.78528 3.47316e-006 3.93727e-006 6.11434e-011 
-8.68528 4.54773e-006 5.17575e-006 6.1149e-011 
-8.58528 5.93566e-006 6.75943e-006 1.91501e-010 
-8.48528 7.72235e-006 8.78353e-006 1.91503e-010 
-8.38528 1.00147e-005 1.13663e-005 5.79129e-010 
-8.28528 1.2946e-005 1.46542e-005 5.7913e-010 
-8.18528 1.66817e-005 1.88283e-005 1.69231e-009 
-8.08528 2.14267e-005 2.41121e-005 1.69231e-009 
-7.98528 2.74335e-005 3.07797e-005 4.78138e-009 
-7.88528 3.50123e-005 3.91671e-005 4.78138e-009 
-7.78528 4.45423e-005 4.96839e-005 1.30691e-008 
-7.68528 5.64858e-005 6.28283e-005 1.30691e-008 
-7.58528 7.14038e-005 7.92031e-005 3.45776e-008 
-7.48528 8.99746e-005 9.95357e-005 3.45776e-008 
-7.38528 0.000113015 0.0001247 8.85987e-008 
-7.28528 0.000141505 0.000155742 8.85987e-008 
-7.18528 0.000176614 0.000193908 2.19967e-007 
-7.08528 0.000219736 0.000240679 2.19967e-007 
-6.98528 0.00027252 0.000297805 5.29409e-007 
-6.88528 0.000336915 0.000367349 5.29409e-007 
-6.78528 0.000415209 0.000451729 1.23573e-006 
-6.68528 0.000510081 0.000553772 1.23573e-006 
-6.58528 0.000624652 0.000676763 2.79862e-006 
-6.48528 0.000762546 0.00082451 2.79862e-006 
-6.38528 0.000927949 0.0010014 6.15221e-006 
-6.28528 0.00112567 0.00121249 6.15221e-006 
-6.18528 0.00136124 0.00146352 1.31328e-005 
-6.08528 0.00164093 0.00176107 1.31328e-005 
-5.98528 0.00197188 0.00211257 2.72329e-005 
-5.88528 0.00236215 0.00252639 2.72329e-005 
-5.78528 0.0028208 0.00301194 5.48778e-005 
-5.68528 0.00335797 0.00357973 5.48778e-005 
-5.58528 0.00398494 0.00424143 0.000107504 
-5.48528 0.00471422 0.00500995 0.000107504 
-5.38528 0.00555957 0.00589949 0.000204798 
-5.28528 0.00653609 0.00692556 0.000204798 
-5.18528 0.00766023 0.00810507 0.000379532 
-5.08528 0.00894981 0.00945629 0.000379532 
-4.98528 0.010424 0.0109989 0.000684444 
-4.88528 0.0121034 0.0127537 0.000684444 
-4.78528 0.0140099 0.0147432 0.00120152 
-4.68528 0.0161664 0.0169908 0.00120152 
-4.58528 0.0185973 0.0195209 0.00205385 
-4.48528 0.0213277 0.0223591 0.00205385 
-4.38528 0.0243835 0.0255315 0.00341967 
-4.28528 0.0277913 0.0290648 0.00341967 
-4.18528 0.0315779 0.032986 0.00554766 
-4.08528 0.0357703 0.0373218 0.00554766 
-3.98528 0.0403949 0.0420987 0.00877161 
-3.88528 0.0454775 0.0473422 0.00877161 
-3.78528 0.051043 0.0530766 0.0135214 
-3.68528 0.0571143 0.0593244 0.0135214 
-3.58528 0.0637126 0.0661058 0.0203267 
-3.48528 0.0708563 0.0734387 0.0203267 
-3.38528 0.0785608 0.0813371 0.0298087 
-3.28528 0.0868379 0.0898116 0.0298087 
-3.18528 0.0956953 0.0988685 0.0426558 
-3.08528 0.105136 0.108509 0.0426558 
-2.98528 0.115157 0.118729 0.0595796 
-2.88528 0.125751 0.129519 0.0595796 
-2.78528 0.136905 0.140862 0.0812507 
-2.68528 0.148596 0.152737 0.0812507 
-2.58528 0.160799 0.165112 0.108216 
-2.48528 0.173479 0.177953 0.108216 
-2.38528 0.186594 0.191214 0.140802 
-2.28528 0.200096 0.204845 0.140802 
-2.18528 0.21393 0.218788 0.17902 
-2.08528 0.228032 0.232977 0.17902 
-1.98528 0.242334 0.247342 0.222476 
-1.88528 0.25676 0.261805 0.222476 
-1.78528 0.271228 0.276282 0.270311 
-1.68528 0.285654 0.290686 0.270311 
-1.58528 0.299945 0.304924 0.321182 
-1.48528 0.31401 0.318903 0.321182 
-1.38528 0.327751 0.332525 0.373284 
-1.28528 0.341071 0.345692 0.373284 
-1.18528 0.353872 0.358306 0.424445 
-1.08528 0.366058 0.370271 0.424445 
-0.985281 0.377534 0.381493 0.472255 
-0.885281 0.388209 0.391882 0.472255 
-0.785281 0.397997 0.401353 0.514249 
-0.685281 0.406815 0.409827 0.514249 
-0.585281 0.41459 0.417231 0.548112 
-0.485281 0.421256 0.423504 0.548112 
-0.385281 0.426755 0.428589 0.571884 
-0.285281 0.43104 0.432443 0.571884 
-0.185281 0.434072 0.435031 0.584145 
-0.0852814 0.435825 0.436331 0.584145 
0.0147186 0.436283 0.436331 0.584145 
0.114719 0.435443 0.435031 0.584145 
0.214719 0.433311 0.432443 0.571884 
0.314719 0.429907 0.428589 0.571884 
0.414719 0.425261 0.423504 0.548112 
0.514719 0.419413 0.417231 0.548112 
0.614719 0.412414 0.409827 0.514249 
0.714719 0.404324 0.401353 0.514249 
0.814719 0.395213 0.391882 0.472255 
0.914719 0.385155 0.381493 0.472255 
1.01472 0.374235 0.370271 0.424445 
1.11472 0.362541 0.358306 0.424445 
1.21472 0.350163 0.345692 0.373284 
1.31472 0.337199 0.332525 0.373284 
1.41472 0.323745 0.318903 0.321182 
1.51472 0.309899 0.304924 0.321182 
1.61472 0.295758 0.290686 0.270311 
1.71472 0.281417 0.276282 0.270311 
1.81472 0.26697 0.261805 0.222476 
1.91472 0.252505 0.247342 0.222476 
2.01472 0.238107 0.232977 0.17902 
2.11472 0.223857 0.218788 0.17902 
2.21472 0.209827 0.204845 0.140802 
2.31472 0.196085 0.191214 0.140802 
2.41472 0.182691 0.177953 0.108216 
2.51472 0.169699 0.165112 0.108216 
2.61472 0.157156 0.152737 0.0812507 
2.71472 0.1451 0.140862 0.0812507 
2.81472 0.133564 0.129519 0.0595796 
2.91472 0.122574 0.118729 0.0595796 
3.01472 0.112147 0.108509 0.0426558 
3.11472 0.102296 0.0988685 0.0426558 
3.21472 0.0930274 0.0898116 0.0298087 
3.31472 0.0843414 0.0813371 0.0298087 
3.41472 0.0762338 0.0734387 0.0203267 
3.51472 0.0686957 0.0661058 0.0203267 
3.61472 0.0617143 0.0593244 0.0135214 
3.71472 0.0552732 0.0530766 0.0135214 
3.81472 0.0493531 0.0473422 0.00877161 
3.91472 0.0439323 0.0420987 0.00877161 
4.01472 0.0389871 0.0373218 0.00554766 
4.11472 0.0344924 0.032986 0.00554766 
4.21472 0.0304223 0.0290648 0.00341967 
4.31472 0.02675 0.0255315 0.00341967 
4.41472 0.0234486 0.0223591 0.00205385 
4.51472 0.0204913 0.0195209 0.00205385 
4.61472 0.0178518 0.0169908 0.00120152 
4.71472 0.0155042 0.0147432 0.00120152 
4.81472 0.0134237 0.0127537 0.000684444 
4.91472 0.0115865 0.0109989 0.000684444 
5.01472 0.00996969 0.00945629 0.000379532 
5.11472 0.0085519 0.00810507 0.000379532 
5.21472 0.00731296 0.00692556 0.000204798 
5.31472 0.00623406 0.00589949 0.000204798 
5.41472 0.0052978 0.00500995 0.000107504 
5.51472 0.00448813 0.00424143 0.000107504 
5.61472 0.00379034 0.00357973 5.48778e-005 
5.71472 0.00319104 0.00301194 5.48778e-005 
5.81472 0.00267811 0.00252639 2.72329e-005 
5.91472 0.00224059 0.00211257 2.72329e-005 
6.01472 0.00186867 0.00176107 1.31328e-005 
6.11472 0.00155361 0.00146352 1.31328e-005 
6.21472 0.00128761 0.00121249 6.15221e-006 
6.31472 0.0010638 0.0010014 6.15221e-006 
6.41472 0.00087613 0.00082451 2.79862e-006 
6.51472 0.000719296 0.000676763 2.79862e-006 
6.61472 0.000588676 0.000553772 1.23573e-006 
6.71472 0.000480256 0.000451729 1.23573e-006 
6.81472 0.000390568 0.000367349 5.29409e-007 
6.91472 0.000316625 0.000297805 5.29409e-007 
7.01472 0.00025587 0.000240679 2.19967e-007 
7.11472 0.000206118 0.000193908 2.19967e-007 
7.21472 0.000165514 0.000155742 8.85987e-008 
7.31472 0.000132487 0.0001247 8.85987e-008 
7.41472 0.000105714 9.95357e-005 3.45776e-008 
7.51472 8.40832e-005 7.92031e-005 3.45776e-008 
7.61472 6.66659e-005 6.28283e-005 1.30691e-008 
7.71472 5.26883e-005 4.96839e-005 1.30691e-008 
7.81472 4.15088e-005 3.91671e-005 4.78138e-009 
7.91472 3.25971e-005 3.07797e-005 4.78138e-009 
8.01472 2.55171e-005 2.41121e-005 1.69231e-009 
8.11472 1.99112e-005 1.88283e-005 1.69231e-009 
8.21472 1.54872e-005 1.46542e-005 5.7913e-010 
8.31472 1.20076e-005 1.13663e-005 5.79129e-010 
8.41472 9.28007e-006 8.78353e-006 1.91503e-010 
8.51472 7.14913e-006 6.75943e-006 1.91501e-010 
8.61472 5.48987e-006 5.17575e-006 6.1149e-011 
8.71472 4.20221e-006 3.93727e-006 6.11434e-011 
8.81472 3.20625e-006 2.96728e-006 1.8836e-011 
8.91472 2.43849e-006 2.20389e-006 1.88134e-011 
9.01472 1.84863e-006 1.59691e-006 5.56939e-012 
9.11472 1.39695e-006 1.10515e-006 5.48206e-012 
9.21472 1.05223e-006 6.94252e-007 1.486e-012 
9.31472 7.90031e-007 3.34675e-007 1.16125e-012 
9.41472 0 0 0 
