-0.30103 -1.61802 -0.859365
-0.309804 -1.91108 -0.897624
-0.318759 -1.63394 -0.916759
-0.327902 -1.52705 -0.949234
-0.337242 -1.55352 -0.999943
-0.346787 -1.3371 -0.559783
-0.356547 -1.39624 -1.03544
-0.366532 -1.54406 -0.617732
-0.376751 -1.26167 -1.00449
-0.387216 -1.87033 -0.636355
-0.39794 -1.8881 -0.675997
-0.408935 -1.71465 -0.688958
-0.420216 -1.78664 -0.709918
-0.431798 -1.39052 -0.738894
-0.443697 -1.51255 -0.766509
-0.455932 -1.36477 -0.825118
-0.468521 -1.71232 -0.832161
-0.481486 -1.94647 -0.875437
-0.49485 -1.80583 -0.922351
-0.508638 -1.61219 -0.975899
-0.522879 -1.45821 -1.03814
-0.537602 -1.88377 -0.698142
-0.552842 -2.04651 -0.738582
-0.568636 -1.70363 -0.778952
-0.585027 -1.82814 -0.815155
-0.60206 -1.91484 -0.860315
-0.619789 -1.87233 -0.922275
-0.638272 -1.7958 -0.698078
-0.657577 -2.272 -0.746763
-0.677781 -1.69724 -0.80071
-0.69897 -2.74384 -0.865471
-0.721246 -1.78448 -0.712798
-0.744727 -2.06715 -0.768818
-0.769551 -1.96474 -0.834424
-0.79588 -1.81582 -0.921889
-0.823909 -1.97004 -0.801322
-0.853872 -2.03639 -0.890492
-0.886057 -2.06332 -0.8109
-0.920819 -2.13736 -0.767218
-0.958607 -2.23293 -0.875538
-1 -2.40257 -0.861438
-1.04576 -2.40803 -0.875768
-1.09691 -2.40993 -0.810494
