0.01 0.226756
0.02 0.220667
0.03 0.194772
0.04 0.166749
0.05 0.170888
0.06 0.158307
0.07 0.153012
0.08 0.151177
0.09 0.139527
0.1 0.143727
0.11 0.137998
0.12 0.136874
0.13 0.135599
0.14 0.130848
0.15 0.13295
0.16 0.129205
0.17 0.130453
0.18 0.129825
0.19 0.128286
0.2 0.130306
0.21 0.12912
0.22 0.130775
0.23 0.131898
0.24 0.131286
0.25 0.134373
0.26 0.135346
0.27 0.136598
0.28 0.13903
0.29 0.139657
0.3 0.142265
0.31 0.143796
0.32 0.145103
0.33 0.147393
0.34 0.147593
0.35 0.150514
0.36 0.150844
0.37 0.153218
0.38 0.153859
0.39 0.155555
0.4 0.156458
0.41 0.15757
0.42 0.158693
0.43 0.159299
0.44 0.160608
0.45 0.160777
0.46 0.162241
0.47 0.162032
0.48 0.163625
0.49 0.16309
0.5 0.16479
0.51 0.163974
0.52 0.165761
0.53 0.164701
0.54 0.166561
0.55 0.165291
0.56 0.167208
0.57 0.165757
0.58 0.16772
0.59 0.166226
0.6 0.168112
0.61 0.166672
0.62 0.168397
0.63 0.167009
0.64 0.168587
0.65 0.167247
0.66 0.168693
0.67 0.167398
0.68 0.168722
0.69 0.167471
0.7 0.168685
0.71 0.167475
0.72 0.168587
0.73 0.167416
0.74 0.168435
0.75 0.167301
0.76 0.168236
0.77 0.167137
0.78 0.167994
0.79 0.166928
0.8 0.167713
0.81 0.166679
0.82 0.167398
0.83 0.166394
0.84 0.167053
0.85 0.166078
0.86 0.16668
0.87 0.165733
0.88 0.166284
0.89 0.165363
0.9 0.165866
0.91 0.16497
0.92 0.165429
0.93 0.164557
0.94 0.164975
0.95 0.164126
0.96 0.164506
0.97 0.163679
0.98 0.164024
0.99 0.163218
1 0.16353
1.01 0.162745
1.02 0.163027
1.03 0.16226
1.04 0.162514
1.05 0.161767
1.06 0.161995
1.07 0.161265
1.08 0.161468
1.09 0.160756
1.1 0.160936
1.11 0.16024
1.12 0.1604
1.13 0.15972
1.14 0.15986
1.15 0.159195
1.16 0.159316
1.17 0.158666
1.18 0.158771
1.19 0.158135
1.2 0.158223
1.21 0.157601
1.22 0.157675
1.23 0.157066
1.24 0.157125
1.25 0.156529
1.26 0.156575
1.27 0.155992
1.28 0.156026
1.29 0.155454
1.3 0.155477
1.31 0.154916
1.32 0.154928
1.33 0.154379
1.34 0.154381
1.35 0.153843
1.36 0.153835
1.37 0.153308
1.38 0.153291
1.39 0.152774
1.4 0.152749
1.41 0.152241
1.42 0.152209
1.43 0.151711
1.44 0.151671
1.45 0.151182
1.46 0.151136
1.47 0.150655
1.48 0.150603
1.49 0.150131
1.5 0.150073
1.51 0.14961
1.52 0.149546
1.53 0.149091
1.54 0.149021
1.55 0.148574
1.56 0.1485
1.57 0.148061
1.58 0.147982
1.59 0.14755
1.6 0.147467
1.61 0.147042
1.62 0.146955
1.63 0.146538
1.64 0.146447
1.65 0.146036
1.66 0.145942
1.67 0.145538
1.68 0.145441
1.69 0.145043
1.7 0.144942
1.71 0.144551
1.72 0.144448
1.73 0.144063
1.74 0.143957
1.75 0.143578
1.76 0.143469
1.77 0.143096
1.78 0.142985
1.79 0.142618
1.8 0.142505
1.81 0.142143
1.82 0.142028
1.83 0.141672
1.84 0.141554
1.85 0.141203
1.86 0.141085
1.87 0.140739
1.88 0.140618
1.89 0.140278
1.9 0.140156
1.91 0.13982
1.92 0.139696
1.93 0.139365
1.94 0.139241
1.95 0.138915
1.96 0.138789
1.97 0.138467
1.98 0.13834
1.99 0.138023
2 0.137895
2.01 0.137582
